Accuracy: 0.9636666666666667
Precision: 0.9566644780039396
Recall: 0.9713333333333334
F1 Score: 0.9639431028779358
