Accuracy: 0.327639751552795
Precision: 0.3296800031413047
Recall: 0.327639751552795
F1 Score: 0.3276383751917515
