Accuracy: 0.34006211180124224
Precision: 0.3407492163242433
Recall: 0.34006211180124224
F1 Score: 0.3387097740668671
