Accuracy: 0.2360248447204969
Precision: 0.2388782913561889
Recall: 0.2360248447204969
F1 Score: 0.23620430649680207
