Accuracy: 0.2748447204968944
Precision: 0.2769505976231866
Recall: 0.2748447204968944
F1 Score: 0.27483652536290787
