Accuracy: 0.2996894409937888
Precision: 0.3023526254712817
Recall: 0.2996894409937888
F1 Score: 0.2997262978716461
