Accuracy: 0.9753333333333334
Precision: 0.9672346002621232
Recall: 0.984
F1 Score: 0.9755452742894911
