Accuracy: 0.2406832298136646
Precision: 0.2422641775921889
Recall: 0.2406832298136646
F1 Score: 0.2410645858525518
