Accuracy: 0.44875776397515527
Precision: 0.450473646380398
Recall: 0.44875776397515527
F1 Score: 0.4487966357965613
