Accuracy: 0.327639751552795
Precision: 0.3297442455242966
Recall: 0.327639751552795
F1 Score: 0.32700315388787665
