Accuracy: 0.2127329192546584
Precision: 0.2157400300352369
Recall: 0.2127329192546584
F1 Score: 0.21229300341684798
