Accuracy: 0.3090062111801242
Precision: 0.3133826265746366
Recall: 0.3090062111801242
F1 Score: 0.310731242020847
