Accuracy: 0.32919254658385094
Precision: 0.3311340402080476
Recall: 0.32919254658385094
F1 Score: 0.3261684184136908
