Accuracy: 0.34782608695652173
Precision: 0.34996223884184485
Recall: 0.34782608695652173
F1 Score: 0.34792587160649435
