Accuracy: 0.23136645962732919
Precision: 0.23474501293094116
Recall: 0.23136645962732919
F1 Score: 0.2323893507804364
