Accuracy: 0.964
Precision: 0.9646194926568759
Recall: 0.9633333333333334
F1 Score: 0.9639759839893263
