Accuracy: 0.2515527950310559
Precision: 0.25282942186543705
Recall: 0.2515527950310559
F1 Score: 0.25135535825015276
