Accuracy: 0.4083850931677019
Precision: 0.4126251643604329
Recall: 0.4083850931677019
F1 Score: 0.4093308364258242
