Accuracy: 0.3447204968944099
Precision: 0.34582748602943275
Recall: 0.3447204968944099
F1 Score: 0.3445000399672648
