Accuracy: 0.37111801242236025
Precision: 0.37105822635216124
Recall: 0.37111801242236025
F1 Score: 0.37006700055658764
